富貴角 (背景)
43 55 15 31 0.14 1.1 0.9
陽明 (公園)
42 52 14 20 0.17 3.6 2.2
萬里 (背景,一般)
44 62 15 41 0.18 2.7 2.4
淡水 (一般)
45 63 16 32 0.19 4.3 3
基隆 (一般)
50 62 16 37 0.15 2 3.7
士林 (一般)
76 77 18 50 0.24 3.1 9.4
林口 (一般)
52 64 15 41 0.2 4.2 5.1
三重 (交通)
78 - 23 58 0.79 5.1 41
菜寮 (一般)
58 60 15 42 0.26 4.7 9.8
汐止 (一般)
67 78 22 36 0.27 5.6 9.6
大同 (交通)
72 - 26  0.74 1.9 32
中山 (一般)
 68 47  0.46 3.9 18
大園 (一般)
65 56 29 38 0.24 9.4 10
松山 (一般)
74 75 32 43 0.31 3.4 12
萬華 (一般)
63 63 27 46 0.43 2.8 19
新莊 (一般)
64    0.28 4.6 10
觀音 (背景)
49 55 16 37 0.18  2.7
古亭 (一般)
71 75 24 35 0.37 2.5 15
永和 (交通)
71 55 25 48 0.89 4.4 31
板橋 (一般)
71 57 24 40 0.29 4.3 12
桃園 (一般)
67 38 15 22 0.22 3.2 6
土城 (一般)
64 68 20 30 0.27 3.2 9.2
新店 (一般)
64 78 27 33 0.35 2.8 13
平鎮 (一般)
70 39 25 29 0.2 3 15
中壢 (交通)
86 31 37  0.93 3 23
龍潭 (一般)
62 51 20 26 0.27 2.7 5.8
