富貴角 (背景)
48 49 12 20 0.11 -0.4 0.8
陽明 (公園)
44 48 ND 4 0.13 1 1.4
萬里 (背景,一般)
54 48 5 16 0.19 1.7 8.9
淡水 (一般)
35 37 ND 5 0.25 2.3 6.6
基隆 (一般)
45 49 7 9 0.19 0.9 4.2
士林 (一般)
23 24 3 4 0.47 1.3 21
林口 (一般)
31 39 ND 13 0.21 1.4 7.3
三重 (交通)
37 - 3 15 1.38 2.8 39
菜寮 (一般)
24 20 4 5 0.64 1.2 25
汐止 (一般)
30 40 ND 10 0.25 3.1 12
大同 (交通)
42 - 8 17 1.4 3 45
中山 (一般)
37 14 8 11 0.78 0.6 39
大園 (一般)
36 35 16 10 0.21 1.2 18
松山 (一般)
24 30 9 14 0.36 0.7 21
萬華 (一般)
29 18 4 8 0.53 0.9 31
新莊 (一般)
34 14 6 4 0.76 1.5 36
觀音 (背景)
38 37 10 16 0.25 3.8 10
古亭 (一般)
25 29 5 3 0.54 1.5 26
永和 (交通)
-1 25 31 -1 0.7 2.2 26
板橋 (一般)
19 16 7 9 0.68 1.8 -1
桃園 (一般)
20 25 ND 5 0.4 1.1 17
土城 (一般)
-1 31 -1 5 0.46 1.6 19
新店 (一般)
26 33 ND 3 0.35 2.3 17
平鎮 (一般)
24 27 5 11 0.4 2 22
中壢 (交通)
32 13 12 20 0.76 1.7 34
龍潭 (一般)
31 31 8 18 0.37 2.3 18
